000010 00000 00001 0000 0000 0000 1000  //addi 1 0 8
010010 00000 00010 0000 0000 0000 0010  //ori 2 0 2
010000 00010 00001 0001 1000 0000 0000  //or 3 2 1
000001 00011 00001 0010 0000 0000 0000  //sub 4 3 1
010001 00100 00010 0010 1000 0000 0000  //and 5 4 2
011000 00000 00101 0010 1000 1000 0000  //sll 5 5 2
110100 00101 00001 1111 1111 1111 1110  //beq 5 1 -2
111010 00000 00000 0000 0000 0001 0000  //jal 40
100110 01100 00001 0100 0000 0000 0000  //slt 8 12 1
000010 00000 01101 1111 1111 1111 1110  //addi 13 0 -2
100110 01000 01101 0100 1000 0000 0000  //slt 9 8 13
100111 01001 01010 0000 0000 0000 0010  //sltiu 10 9 2
100111 01010 01011 0000 0000 0000 0000  //sltiu 11 10 0
000010 01101 01101 0000 0000 0000 0001  //addi 13 13 1
110110 01101 00000 1111 1111 1111 1110  //bltz 13 -2
111000 00000 00000 0000 0000 0001 0011  //j 4c
110000 00001 00010 0000 0000 0000 0100  //sw 2 4 1
110001 00001 01100 0000 0000 0000 0100  //lw 12 4 1
111001 11111 00000 0000 0000 0000 0000  //jr 31
111111 00000 00000 0000 0000 0000 0000  //halt