00001000 00000001 00000000 00001000 08010008
01001000 00000010 00000000 00000010 48020002
01000000 01000001 00011000 00000000 40411800
00000100 01100001 00100000 00000000 04612000
01000100 10000010 00101000 00000000 44822800
01100000 00000101 00101000 10000000 60052880
11010000 10100001 11111111 11111110 D0A1FFFE
11101000 00000000 00000000 00010000 E8000010
10011001 10000001 01000000 00000000 99814000
00001000 00001101 11111111 11111110 080DFFFE
10011001 00001101 01001000 00000000 990D4800
10011101 00101010 00000000 00000010 9D2A0002
10011101 01001011 00000000 00000000 9D4B0000
00001001 10101101 00000000 00000001 09AD0001
11011001 10100000 11111111 11111110 D9A0FFFE
11100000 00000000 00000000 00010011 E0000013
11000000 00100010 00000000 00000100 C0220004
11000100 00101100 00000000 00000100 C42C0004
11100111 11100000 00000000 00000000 E7E00000
11111100 00000000 00000000 00000000 FC000000
